year,heart_disease,parasitic_disease,respiratory_disease,accidents,religion,tissue_disease,digestive_disease,abnormal_finding,others,air_pollution/350,water_pollution,forest_coverage,literacy_rate,no_of_vehicles,police_vehicles,hospitals,radiation
1999,23.8,14.7,7.7,13,7.5,3.6,2.9,14.6,12.2,12.28,14.6,5.93,80.12,40,50.56,75,30.45
2000,24.3,15.7,7,11.3,7.8,3.6,3.3,14.2,12.8,15.42,13.3,7.34,80.87,41,51.8,80,32.37
2001,27.5,14.6,8.9,11.6,6.9,3.7,2.9,10.8,13.1,14.57,20,10.2,81.67,42,52.11,82,33.76
2002,27.5,14.2,9,11.3,7.4,3.7,3.2,10.1,13.6,14,24,14.75,82.13,43,53.5,83,34.9
2003,26.6,14.4,9.6,10.8,6.9,3.9,3.6,10.5,13.7,18.85,38.6,18.07,82.59,44,55.94,83,39.13
2004,27.1,14.5,8.3,9.7,6.9,4.4,3.6,10.5,13.8,18,26.6,18.34,82.96,45.2,61.3,86,41.36
2005,27.5,14.7,8.7,9.3,6.6,4.3,3.8,11.7,13.3,19.71,39.3,19.09,83.48,45.5,65.7,87,44.35
2006,27.1,13.9,8.6,8.8,6.7,4.3,4.3,11.7,12.7,20.57,96,18.99,83.83,46,71.17,86,46.34
2007,26.9,13.8,8.2,9.2,7.4,4.3,4.3,13.6,12,21.71,39.3,19.32,84.24,48,73.6,85,49.19
2008,27.7,14,8.5,8.9,7,4.7,4,13.8,12.1,23.42,46.6,19.29,84.73,51,74.1,85,50.97
2009,30.6,12.8,8.6,7.3,7.2,4.6,4.1,13.1,12,24.57,68.7,20.2,85.17,54,79.38,86,52.91
2010,29.8,13.1,9.5,7.4,6.9,4.6,4.2,12.8,12,25.71,56,19.76,85.61,60,85.69,86,55.54
2011,28.9,12.5,9.2,7.8,7.4,5.4,4.4,12.5,12.5,26.85,27.3,19.97,86.34,65,90.8,91,58.54
2012,30.4,12.3,8.4,7.7,6.9,5,4.3,12.4,12.1,36.85,75.3,19.84,86.82,71,91.4,93,60.77
2013,29,12.1,8.3,7.5,8.1,5.1,4.6,12.9,12,58.57,70,20.08,87.32,78,93.34,95,66.82
2014,31.6,11.9,7.8,7.1,7.2,5.4,4.4,13.2,11.5,95.42,56.7,20.22,87.73,86,95.96,98,70.68
